{
  "people": [
    {
      "id": 0,
      "img": "/static/images/3747632493580513556_3003467594_1.jpg"
    },
    {
      "id": 1,
      "img": "/static/images/3747632493580513556_3003467594_2.jpg"
    },
    {
      "id": 2,
      "img": "/static/images/3747632493580513556_3003467594_3.jpg"
    },
    {
      "id": 3,
      "img": "/static/images/3747632493580513556_3003467594_5.jpg"
    },
    {
      "id": 4,
      "img": "/static/images/3747632493580513556_3003467594_6.jpg"
    },
    {
      "id": 5,
      "img": "/static/images/3750438811647279664_3003467594_1.jpg"
    },
    {
      "id": 6,
      "img": "/static/images/3750438811647279664_3003467594_2.jpg"
    },
    {
      "id": 7,
      "img": "/static/images/3750438811647279664_3003467594_3.jpg"
    },
    {
      "id": 8,
      "img": "/static/images/3750438811647279664_3003467594_6.jpg"
    },
    {
      "id": 9,
      "img": "/static/images/3750498522547590063_1381101303_1.jpg"
    },
    {
      "id": 10,
      "img": "/static/images/3750498522547590063_1381101303_2.jpg"
    },
    {
      "id": 11,
      "img": "/static/images/3750498522547590063_1381101303_3.jpg"
    },
    {
      "id": 12,
      "img": "/static/images/3750498522547590063_1381101303_5.jpg"
    },
    {
      "id": 13,
      "img": "/static/images/3750498522547590063_1381101303_6.jpg"
    },
    {
      "id": 14,
      "img": "/static/images/3750498522547590063_1381101303_7.jpg"
    },
    {
      "id": 15,
      "img": "/static/images/3750498522547590063_1381101303_8.jpg"
    },
    {
      "id": 16,
      "img": "/static/images/3750498522547590063_1381101303_9.jpg"
    },
    {
      "id": 17,
      "img": "/static/images/3751248818621684900_1354600047_1.jpg"
    },
    {
      "id": 18,
      "img": "/static/images/3751248818621684900_1354600047_2.jpg"
    },
    {
      "id": 19,
      "img": "/static/images/3751248818621684900_1354600047_3.jpg"
    },
    {
      "id": 20,
      "img": "/static/images/3754664814099347113_1381101303_1.jpg"
    },
    {
      "id": 21,
      "img": "/static/images/3754664814099347113_1381101303_10.jpg"
    },
    {
      "id": 22,
      "img": "/static/images/3754664814099347113_1381101303_12.jpg"
    },
    {
      "id": 23,
      "img": "/static/images/3754664814099347113_1381101303_2.jpg"
    },
    {
      "id": 24,
      "img": "/static/images/3754664814099347113_1381101303_4.jpg"
    },
    {
      "id": 25,
      "img": "/static/images/3754664814099347113_1381101303_5.jpg"
    },
    {
      "id": 26,
      "img": "/static/images/3754664814099347113_1381101303_6.jpg"
    },
    {
      "id": 27,
      "img": "/static/images/3754664814099347113_1381101303_9.jpg"
    },
    {
      "id": 28,
      "img": "/static/images/3755410234035500841_1354600047_1.jpg"
    },
    {
      "id": 29,
      "img": "/static/images/3755410234035500841_1354600047_2.jpg"
    },
    {
      "id": 30,
      "img": "/static/images/3755410234035500841_1354600047_3.jpg"
    },
    {
      "id": 31,
      "img": "/static/images/3755410234035500841_1354600047_5.jpg"
    },
    {
      "id": 32,
      "img": "/static/images/3757109058537794690_1381101303_1.jpg"
    },
    {
      "id": 33,
      "img": "/static/images/3757109058537794690_1381101303_2.jpg"
    },
    {
      "id": 34,
      "img": "/static/images/3757109058537794690_1381101303_3.jpg"
    },
    {
      "id": 35,
      "img": "/static/images/3758542193997665331_1381101303_1.jpg"
    },
    {
      "id": 36,
      "img": "/static/images/3758542193997665331_1381101303_2.jpg"
    },
    {
      "id": 37,
      "img": "/static/images/3758542193997665331_1381101303_3.jpg"
    },
    {
      "id": 38,
      "img": "/static/images/3758542193997665331_1381101303_4.jpg"
    },
    {
      "id": 39,
      "img": "/static/images/3758542193997665331_1381101303_5.jpg"
    },
    {
      "id": 40,
      "img": "/static/images/3758542193997665331_1381101303_6.jpg"
    },
    {
      "id": 41,
      "img": "/static/images/3758542193997665331_1381101303_7.jpg"
    },
    {
      "id": 42,
      "img": "/static/images/3758542193997665331_1381101303_8.jpg"
    },
    {
      "id": 43,
      "img": "/static/images/3760534166107375814_1381101303_1.jpg"
    },
    {
      "id": 44,
      "img": "/static/images/3760534166107375814_1381101303_2.jpg"
    },
    {
      "id": 45,
      "img": "/static/images/3760534166107375814_1381101303_5.jpg"
    },
    {
      "id": 46,
      "img": "/static/images/3760534166107375814_1381101303_7.jpg"
    },
    {
      "id": 47,
      "img": "/static/images/3760534166107375814_1381101303_8.jpg"
    },
    {
      "id": 48,
      "img": "/static/images/3760534166107375814_1381101303_9.jpg"
    },
    {
      "id": 49,
      "img": "/static/images/3763593695682400091_1354600047_1.jpg"
    },
    {
      "id": 50,
      "img": "/static/images/3763593695682400091_1354600047_2.jpg"
    },
    {
      "id": 51,
      "img": "/static/images/3763593695682400091_1354600047_3.jpg"
    },
    {
      "id": 52,
      "img": "/static/images/3763593695682400091_1354600047_4.jpg"
    },
    {
      "id": 53,
      "img": "/static/images/3767136314807510401_1381101303_1.jpg"
    },
    {
      "id": 54,
      "img": "/static/images/3767136314807510401_1381101303_2.jpg"
    },
    {
      "id": 55,
      "img": "/static/images/3769722521730457541_2294882122_1.jpg"
    },
    {
      "id": 56,
      "img": "/static/images/3769722521730457541_2294882122_2.jpg"
    },
    {
      "id": 57,
      "img": "/static/images/3769722521730457541_2294882122_4.jpg"
    },
    {
      "id": 58,
      "img": "/static/images/3769722521730457541_2294882122_5.jpg"
    },
    {
      "id": 59,
      "img": "/static/images/3769722521730457541_2294882122_6.jpg"
    },
    {
      "id": 60,
      "img": "/static/images/3774315419642585403_3003467594_1.jpg"
    },
    {
      "id": 61,
      "img": "/static/images/3774315419642585403_3003467594_2.jpg"
    },
    {
      "id": 62,
      "img": "/static/images/3774315419642585403_3003467594_3.jpg"
    },
    {
      "id": 63,
      "img": "/static/images/3775058095581162897_2294882122_1.jpg"
    },
    {
      "id": 64,
      "img": "/static/images/3775058095581162897_2294882122_2.jpg"
    },
    {
      "id": 65,
      "img": "/static/images/3775058095581162897_2294882122_3.jpg"
    },
    {
      "id": 66,
      "img": "/static/images/3775058095581162897_2294882122_4.jpg"
    },
    {
      "id": 67,
      "img": "/static/images/3775058095581162897_2294882122_5.jpg"
    },
    {
      "id": 68,
      "img": "/static/images/3775161786065244266_1381101303_1.jpg"
    },
    {
      "id": 69,
      "img": "/static/images/3775161786065244266_1381101303_2.jpg"
    },
    {
      "id": 70,
      "img": "/static/images/3775161786065244266_1381101303_3.jpg"
    },
    {
      "id": 71,
      "img": "/static/images/3775161786065244266_1381101303_4.jpg"
    },
    {
      "id": 72,
      "img": "/static/images/3775161786065244266_1381101303_5.jpg"
    },
    {
      "id": 73,
      "img": "/static/images/3775766424724507627_1354600047_1.jpg"
    },
    {
      "id": 74,
      "img": "/static/images/3775766424724507627_1354600047_2.jpg"
    },
    {
      "id": 75,
      "img": "/static/images/3778909870327314962_2294882122_1.jpg"
    },
    {
      "id": 76,
      "img": "/static/images/3778909870327314962_2294882122_2.jpg"
    },
    {
      "id": 77,
      "img": "/static/images/3778909870327314962_2294882122_3.jpg"
    },
    {
      "id": 78,
      "img": "/static/images/3778909870327314962_2294882122_4.jpg"
    },
    {
      "id": 79,
      "img": "/static/images/3778909870327314962_2294882122_5.jpg"
    },
    {
      "id": 80,
      "img": "/static/images/3780009174143673064_1354600047_1.jpg"
    },
    {
      "id": 81,
      "img": "/static/images/3780009174143673064_1354600047_2.jpg"
    },
    {
      "id": 82,
      "img": "/static/images/3780009174143673064_1354600047_3.jpg"
    },
    {
      "id": 83,
      "img": "/static/images/3780335287353416112_3003467594.jpg"
    },
    {
      "id": 84,
      "img": "/static/images/3780904885747985996_1381101303_1.jpg"
    },
    {
      "id": 85,
      "img": "/static/images/3780904885747985996_1381101303_3.jpg"
    },
    {
      "id": 86,
      "img": "/static/images/3780904885747985996_1381101303_4.jpg"
    },
    {
      "id": 87,
      "img": "/static/images/3780904885747985996_1381101303_6.jpg"
    },
    {
      "id": 88,
      "img": "/static/images/3780904885747985996_1381101303_7.jpg"
    },
    {
      "id": 89,
      "img": "/static/images/3780904885747985996_1381101303_8.jpg"
    },
    {
      "id": 90,
      "img": "/static/images/3781715707583854916_2294882122_1.jpg"
    },
    {
      "id": 91,
      "img": "/static/images/3781715707583854916_2294882122_2.jpg"
    },
    {
      "id": 92,
      "img": "/static/images/3781715707583854916_2294882122_3.jpg"
    }
  ],
  "similarities": [
    [
      0.9999998807907104,
      0.14572109282016754,
      0.16860225796699524,
      0.7833820581436157,
      0.4588086009025574,
      0.6569055318832397,
      0.6328818798065186,
      0.05864149332046509,
      0.7181826829910278,
      0.045657820999622345,
      -0.03663727641105652,
      -0.027210772037506104,
      0.046938471496105194,
      -0.03525829315185547,
      -0.05958300828933716,
      0.07171320915222168,
      0.03383050113916397,
      -0.011066997423768044,
      0.06213898956775665,
      -0.009374838322401047,
      0.028820551931858063,
      -0.01835634559392929,
      0.006703600287437439,
      0.09468267112970352,
      -0.013162903487682343,
      0.10660681873559952,
      0.013939306139945984,
      0.0058512091636657715,
      0.01665622368454933,
      0.030161693692207336,
      0.08902505785226822,
      0.06443168967962265,
      0.00652732141315937,
      0.0787912905216217,
      0.020221825689077377,
      0.08026748895645142,
      0.000608496367931366,
      -0.016760408878326416,
      0.06392219662666321,
      0.05782296508550644,
      0.11932042241096497,
      0.09555085003376007,
      0.06315772235393524,
      0.0171796977519989,
      0.10696379840373993,
      0.07317841053009033,
      0.07387620210647583,
      -0.020747952163219452,
      0.037776220589876175,
      0.0044955238699913025,
      0.06210121139883995,
      0.03281250223517418,
      0.01375666819512844,
      0.09250621497631073,
      -0.06997913867235184,
      0.03612707555294037,
      0.04792197048664093,
      0.06580457091331482,
      0.02362423948943615,
      0.08181717991828918,
      0.8184915781021118,
      0.7226974964141846,
      0.7764649987220764,
      0.13104116916656494,
      0.059693604707717896,
      0.06834631413221359,
      -0.0004072394222021103,
      0.024082070216536522,
      0.0010683834552764893,
      -0.014474961906671524,
      0.04425615817308426,
      -0.010795027017593384,
      -0.01913721114397049,
      -0.03851813077926636,
      -0.040280040353536606,
      0.03715576231479645,
      0.037109386175870895,
      0.04957282170653343,
      0.029954828321933746,
      0.1854819804430008,
      0.06084791198372841,
      0.035684261471033096,
      0.08465498685836792,
      0.6281420588493347,
      -0.017211347818374634,
      -0.12350841611623764,
      0.059380970895290375,
      0.048881564289331436,
      0.004157274961471558,
      0.021249432116746902,
      0.08136637508869171,
      0.061985041946172714,
      0.07355813682079315
    ],
    [
      0.14572109282016754,
      0.9999998211860657,
      0.47288963198661804,
      0.15087270736694336,
      0.10909655690193176,
      0.08139072358608246,
      0.06138565391302109,
      -0.05855517461895943,
      0.11537249386310577,
      -0.04887989163398743,
      -0.044036246836185455,
      -0.06626440584659576,
      0.028550345450639725,
      -0.06418053805828094,
      0.07456846535205841,
      0.029265856370329857,
      0.04797801002860069,
      0.09932659566402435,
      0.06567177176475525,
      0.05835747718811035,
      -0.029323473572731018,
      -0.022483360022306442,
      -0.048319920897483826,
      -0.06267452985048294,
      -0.08429324626922607,
      -0.06044211983680725,
      -0.04917982965707779,
      -0.008064772933721542,
      0.09042619913816452,
      0.005716379731893539,
      0.08006136119365692,
      -0.031882040202617645,
      -0.07258191704750061,
      -0.002340182662010193,
      -0.05504225939512253,
      -0.032355982810258865,
      -0.056906431913375854,
      -0.019630979746580124,
      -0.03874463960528374,
      -0.02659922093153,
      -0.025560099631547928,
      -0.020994028076529503,
      -0.04038992524147034,
      0.016705267131328583,
      0.031353697180747986,
      0.029914580285549164,
      -0.006685204803943634,
      -0.031150098890066147,
      0.04185578599572182,
      0.0634113997220993,
      0.08617526292800903,
      0.06404201686382294,
      0.0593995600938797,
      -0.0005119666457176208,
      -0.08398183435201645,
      0.005449499934911728,
      -0.07540035992860794,
      0.01929841935634613,
      0.017508726567029953,
      0.0008477941155433655,
      0.07700297236442566,
      0.11132264882326126,
      0.1297340989112854,
      0.08419433236122131,
      -0.020100601017475128,
      0.09959259629249573,
      0.0711338222026825,
      -0.029180018231272697,
      -0.026579825207591057,
      -0.019084511324763298,
      -0.044811174273490906,
      -0.07822923362255096,
      -0.047509968280792236,
      0.05773426592350006,
      0.07760953903198242,
      0.09739721566438675,
      0.0656152069568634,
      -0.014640472829341888,
      0.08923190087080002,
      0.0015444215387105942,
      0.10394852608442307,
      0.10687912255525589,
      0.09997634589672089,
      0.04701919108629227,
      -0.060970842838287354,
      -0.020797528326511383,
      -0.042466409504413605,
      -0.0685175433754921,
      0.00550084188580513,
      -0.06213840842247009,
      0.12491319328546524,
      0.017160505056381226,
      0.03996560722589493
    ],
    [
      0.16860225796699524,
      0.47288963198661804,
      1.000000238418579,
      0.12716558575630188,
      0.023934338241815567,
      0.09139324724674225,
      0.12189660966396332,
      -0.00712388614192605,
      0.15529456734657288,
      -0.00635196128860116,
      -0.04118774086236954,
      0.012246858328580856,
      -0.030537916347384453,
      -0.0606965646147728,
      0.04523088037967682,
      0.06961232423782349,
      0.006873851176351309,
      0.13558994233608246,
      0.11343878507614136,
      0.08200722932815552,
      0.05425633490085602,
      -0.02192845195531845,
      -0.07060528546571732,
      0.04393049702048302,
      -0.04003551974892616,
      -0.05729382485151291,
      0.08511263877153397,
      0.029089434072375298,
      0.08608562499284744,
      0.11831214278936386,
      0.011748402379453182,
      0.09734490513801575,
      -0.04328322038054466,
      -0.011433541774749756,
      0.006056252866983414,
      0.00922337919473648,
      -0.012940671294927597,
      -0.02502972073853016,
      -0.026569470763206482,
      -0.013211110606789589,
      0.051913630217313766,
      -0.006869517266750336,
      0.006430033594369888,
      -0.02885400876402855,
      0.045724935829639435,
      0.0204007588326931,
      -0.012465680949389935,
      0.0306836124509573,
      0.013984933495521545,
      0.08200541138648987,
      0.07969541847705841,
      0.15626707673072815,
      0.13661476969718933,
      -0.03826502710580826,
      -0.045295774936676025,
      -0.06716819852590561,
      -0.028276678174734116,
      0.11742942035198212,
      -0.06540952622890472,
      0.10640278458595276,
      0.14841142296791077,
      0.14758160710334778,
      0.1608622521162033,
      0.04753195866942406,
      0.05536676198244095,
      0.07314491271972656,
      0.12102225422859192,
      0.004047766327857971,
      -0.07568387687206268,
      -0.0071538295596838,
      -0.09920291602611542,
      -0.015666652470827103,
      -0.08884426951408386,
      0.07639814168214798,
      0.04475630819797516,
      0.02220309153199196,
      0.10538123548030853,
      -0.009532926604151726,
      0.0980558693408966,
      0.07324952632188797,
      0.1053866595029831,
      0.11802535504102707,
      0.09746050834655762,
      0.13333392143249512,
      -0.042236194014549255,
      -0.03751589357852936,
      -0.042752090841531754,
      -0.0006566904485225677,
      -0.019618377089500427,
      -0.03677572309970856,
      0.04066874831914902,
      -0.061013199388980865,
      -0.0006021261215209961
    ],
    [
      0.7833820581436157,
      0.15087270736694336,
      0.12716558575630188,
      0.9999998807907104,
      0.4414628744125366,
      0.586699366569519,
      0.6163822412490845,
      -0.03634282946586609,
      0.6554151773452759,
      0.026008281856775284,
      -0.08798401802778244,
      0.007039610296487808,
      0.06912004947662354,
      -0.021794237196445465,
      -0.025980085134506226,
      0.07416404783725739,
      0.0348832868039608,
      -0.05370476841926575,
      0.033385176211595535,
      -0.06176214665174484,
      0.03334853798151016,
      -0.01329486072063446,
      -0.026372183114290237,
      0.08783078193664551,
      0.008930802345275879,
      0.09143709391355515,
      0.033790238201618195,
      0.016326339915394783,
      0.05472857505083084,
      0.06707097589969635,
      0.12288804352283478,
      0.05509142950177193,
      0.003312204033136368,
      0.05413372814655304,
      -0.011233475059270859,
      0.07448488473892212,
      -0.05122911557555199,
      -0.03518527373671532,
      0.026343204081058502,
      0.03453963249921799,
      0.03219274803996086,
      0.0763765200972557,
      0.02251356467604637,
      0.08086271584033966,
      0.15927742421627045,
      0.04415437951683998,
      0.032935500144958496,
      -0.08396970480680466,
      0.05045071244239807,
      -0.049181342124938965,
      -0.007106556557118893,
      0.05742594227194786,
      -0.015879618003964424,
      0.07832163572311401,
      -0.04142073541879654,
      0.054368048906326294,
      0.01132998988032341,
      -0.008107466623187065,
      0.051936350762844086,
      0.03093801811337471,
      0.6917703151702881,
      0.5911164879798889,
      0.6376156806945801,
      0.14972734451293945,
      0.04779183119535446,
      0.07016831636428833,
      0.00043319910764694214,
      0.005854818969964981,
      -0.023396966978907585,
      -0.05682506784796715,
      0.03806375339627266,
      -0.037349361926317215,
      -0.045357029885053635,
      -0.00035163387656211853,
      -0.02765963412821293,
      0.06506835669279099,
      0.011007687076926231,
      0.03421321511268616,
      0.024107106029987335,
      0.1692926585674286,
      0.021866807714104652,
      0.023020537570118904,
      0.06357888132333755,
      0.5792276859283447,
      -0.02351292222738266,
      -0.14773447811603546,
      0.02821926213800907,
      0.030169792473316193,
      -0.030912971124053,
      0.011968066915869713,
      0.07972332835197449,
      0.09935800731182098,
      0.09297171235084534
    ],
    [
      0.4588086009025574,
      0.10909655690193176,
      0.023934338241815567,
      0.4414628744125366,
      0.9999998807907104,
      0.4253596067428589,
      0.38095593452453613,
      -0.0022505484521389008,
      0.39726221561431885,
      0.022297702729701996,
      -0.054766274988651276,
      -0.045185238122940063,
      -0.08283929526805878,
      0.014229957014322281,
      -0.004904729314148426,
      -0.05778193473815918,
      0.01117825135588646,
      0.05862388387322426,
      0.06567718833684921,
      0.03126637637615204,
      -0.058318790048360825,
      -0.06038850173354149,
      0.05201781913638115,
      -0.03873097896575928,
      0.013236571103334427,
      0.053391002118587494,
      -0.012855473905801773,
      -0.013976369053125381,
      0.02343694120645523,
      0.03361401706933975,
      0.1324276328086853,
      0.03087678737938404,
      -0.062198247760534286,
      -0.011830512434244156,
      -0.013198776170611382,
      0.04182621091604233,
      0.0042653558775782585,
      -0.021619629114866257,
      -0.006468011066317558,
      0.013881872408092022,
      0.019587066024541855,
      0.02978036366403103,
      0.021327205002307892,
      0.053058430552482605,
      0.11558106541633606,
      0.08666416257619858,
      0.026064449921250343,
      -0.08985532075166702,
      0.0815078392624855,
      -0.006210313178598881,
      0.06424569338560104,
      0.052597206085920334,
      0.05047158896923065,
      0.05374179407954216,
      -0.011370521038770676,
      0.0361829549074173,
      0.04750041291117668,
      -0.08047293871641159,
      0.02063724398612976,
      0.040727853775024414,
      0.4493050277233124,
      0.48087215423583984,
      0.4819200336933136,
      0.09569734334945679,
      0.07853125035762787,
      0.060479339212179184,
      -0.0740889385342598,
      -0.02895810455083847,
      -0.03894001990556717,
      -0.04783984273672104,
      0.03757956624031067,
      -0.06587163358926773,
      0.004776336252689362,
      0.03084123507142067,
      0.013063525781035423,
      0.0716700628399849,
      -0.022669274359941483,
      0.03923257812857628,
      0.06248626112937927,
      0.03327459096908569,
      0.07548978924751282,
      0.07084743678569794,
      0.09583384543657303,
      0.29473942518234253,
      -0.048236146569252014,
      -0.10534194111824036,
      -0.019750693812966347,
      0.04518577829003334,
      -0.024662908166646957,
      -0.050920676440000534,
      0.10941622406244278,
      0.15524306893348694,
      0.1219196617603302
    ],
    [
      0.6569055318832397,
      0.08139072358608246,
      0.09139324724674225,
      0.586699366569519,
      0.4253596067428589,
      1.0,
      0.7396092414855957,
      -0.020567677915096283,
      0.6744382381439209,
      0.09802842885255814,
      0.038669437170028687,
      0.032830528914928436,
      0.10103794187307358,
      -0.02826102450489998,
      -0.051660843193531036,
      0.019544096663594246,
      -0.018558364361524582,
      -0.03254207968711853,
      0.02040676772594452,
      0.03272739425301552,
      -0.02145475149154663,
      0.06749701499938965,
      0.050799012184143066,
      0.02899930626153946,
      -0.019648246467113495,
      0.1703447848558426,
      0.012866966426372528,
      0.05395159870386124,
      0.024721991270780563,
      0.0028857141733169556,
      0.06736722588539124,
      0.03672366961836815,
      0.0324755497276783,
      0.10885849595069885,
      0.04653402045369148,
      0.060578979551792145,
      0.030004095286130905,
      0.05584399029612541,
      0.11631603538990021,
      0.11923231184482574,
      0.14095337688922882,
      0.13985534012317657,
      0.09639082849025726,
      0.03767397999763489,
      0.10466177016496658,
      0.09596908092498779,
      0.043652065098285675,
      -0.01868930086493492,
      0.013551663607358932,
      -0.07108522206544876,
      0.010227124206721783,
      -0.014960247091948986,
      -0.07253284007310867,
      0.17910555005073547,
      -0.0039976537227630615,
      0.05296962335705757,
      -0.08817437291145325,
      -0.0014129653573036194,
      0.06373187899589539,
      0.14647158980369568,
      0.708999752998352,
      0.5986253619194031,
      0.6143126487731934,
      0.12856529653072357,
      0.09631664305925369,
      0.034052636474370956,
      -0.0004609702154994011,
      -0.0746636688709259,
      0.014364995062351227,
      -0.02433667704463005,
      0.010288838297128677,
      0.03409556299448013,
      0.07037588208913803,
      -0.02540804073214531,
      -0.044884633272886276,
      0.07789688557386398,
      -0.008701041340827942,
      -0.008851565420627594,
      0.07301415503025055,
      0.1510050743818283,
      0.0014483388513326645,
      0.040382906794548035,
      0.005592556670308113,
      0.43934860825538635,
      0.0011086240410804749,
      -0.06951618939638138,
      0.01565336063504219,
      0.08100755512714386,
      0.04519522190093994,
      -0.023565292358398438,
      0.15549345314502716,
      0.14602743089199066,
      0.12960517406463623
    ],
    [
      0.6328818798065186,
      0.06138565391302109,
      0.12189660966396332,
      0.6163822412490845,
      0.38095593452453613,
      0.7396092414855957,
      1.0000003576278687,
      -0.01834809221327305,
      0.7088422775268555,
      0.08791522681713104,
      0.046314042061567307,
      0.041001856327056885,
      0.1361152082681656,
      -0.0028860028833150864,
      -0.03978487104177475,
      0.04799574613571167,
      0.017040226608514786,
      -0.022320222109556198,
      0.08267024159431458,
      0.04347493499517441,
      0.017948400229215622,
      0.05885661393404007,
      0.048473209142684937,
      0.06067543104290962,
      -0.002235099673271179,
      0.13729985058307648,
      0.00402463972568512,
      0.04841594770550728,
      -0.02221168577671051,
      0.04126525670289993,
      0.10488252341747284,
      0.06993703544139862,
      0.042156316339969635,
      0.12441210448741913,
      0.047971222549676895,
      0.050442472100257874,
      0.05968423932790756,
      0.041920699179172516,
      0.13439157605171204,
      0.09523937851190567,
      0.14287810027599335,
      0.10988695174455643,
      0.09570252150297165,
      0.06353966146707535,
      0.13693055510520935,
      0.09702055156230927,
      0.09552790969610214,
      0.018649548292160034,
      0.07626575231552124,
      -0.05223274603486061,
      0.0398598238825798,
      0.036175575107336044,
      -0.005065489560365677,
      0.16053348779678345,
      0.001109447330236435,
      0.029365327209234238,
      -0.0734829306602478,
      -0.014536978676915169,
      0.01880759745836258,
      0.12895050644874573,
      0.6763982772827148,
      0.5856771469116211,
      0.6514083743095398,
      0.08433089405298233,
      0.06023569777607918,
      -0.01954679749906063,
      -0.03469577804207802,
      -0.06397026032209396,
      0.029333963990211487,
      -0.011958999559283257,
      0.03281266242265701,
      -0.021026700735092163,
      0.09286683797836304,
      0.01964697428047657,
      0.023005088791251183,
      0.01995944045484066,
      -0.0415281318128109,
      0.009152837097644806,
      0.021255528554320335,
      0.16986805200576782,
      0.07885203510522842,
      0.10105346888303757,
      0.09285877645015717,
      0.43474212288856506,
      0.04101874679327011,
      0.00024062395095825195,
      0.019829759374260902,
      0.09720265865325928,
      0.037507813423871994,
      0.011718753725290298,
      0.076530322432518,
      0.057022109627723694,
      0.05744313448667526
    ],
    [
      0.05864149332046509,
      -0.05855517461895943,
      -0.00712388614192605,
      -0.03634282946586609,
      -0.0022505484521389008,
      -0.020567677915096283,
      -0.01834809221327305,
      0.9999998807907104,
      0.05033236742019653,
      -0.07203075289726257,
      0.05792539566755295,
      -0.018508940935134888,
      -0.022180281579494476,
      0.03749960660934448,
      -4.209578037261963e-07,
      0.03363489359617233,
      0.006774524226784706,
      0.04512561857700348,
      -0.06043386459350586,
      -0.041978370398283005,
      -0.004752872046083212,
      -0.0400259904563427,
      0.028372399508953094,
      -0.03404983505606651,
      0.05165630578994751,
      -0.06220661848783493,
      0.03142230212688446,
      0.045491136610507965,
      -0.10688122361898422,
      -0.02975814789533615,
      0.020964574068784714,
      0.05974145978689194,
      0.04514460638165474,
      -0.022466883063316345,
      0.04000432789325714,
      -0.03078673779964447,
      0.007793392986059189,
      0.07021401822566986,
      0.024053649976849556,
      0.028979774564504623,
      0.06730546057224274,
      0.021515879780054092,
      0.013385247439146042,
      -0.024829532951116562,
      -0.032125476747751236,
      -0.04070904850959778,
      0.05584372580051422,
      0.0375271700322628,
      -0.03069257363677025,
      -0.03170400112867355,
      0.0029876530170440674,
      -0.05153322592377663,
      -0.06296605616807938,
      -0.038477662950754166,
      -0.03333042562007904,
      -0.026522748172283173,
      0.012558318674564362,
      0.15694114565849304,
      -0.03567327558994293,
      0.007899321615695953,
      -0.021977797150611877,
      -0.023522809147834778,
      -0.0392427034676075,
      -0.06988170742988586,
      0.011681508272886276,
      -0.06408540904521942,
      0.1203254759311676,
      -0.04587806761264801,
      0.02035638317465782,
      0.1203959584236145,
      -0.008779369294643402,
      0.07916180789470673,
      0.037743255496025085,
      -0.05928165838122368,
      -0.0720958560705185,
      -0.06537651270627975,
      0.01050463318824768,
      0.044784896075725555,
      -0.03967014700174332,
      -0.007696166634559631,
      -0.07052421569824219,
      -0.06753499060869217,
      -0.06874510645866394,
      0.024813083931803703,
      0.03623642772436142,
      0.07032551616430283,
      0.03125014901161194,
      0.06753025203943253,
      0.09154083579778671,
      -0.009253870695829391,
      -0.04768455773591995,
      -0.08799572288990021,
      -0.07908123731613159
    ],
    [
      0.7181826829910278,
      0.11537249386310577,
      0.15529456734657288,
      0.6554151773452759,
      0.39726221561431885,
      0.6744382381439209,
      0.7088422775268555,
      0.05033236742019653,
      1.0000001192092896,
      0.02856823429465294,
      -0.012244131416082382,
      0.01938612014055252,
      0.0791330337524414,
      -0.009875934571027756,
      -0.0879434272646904,
      0.05717751756310463,
      -0.05859418958425522,
      -0.060020625591278076,
      0.010571299120783806,
      -0.023828059434890747,
      -0.008713217452168465,
      0.031361181288957596,
      0.03887448459863663,
      0.0858764722943306,
      -0.00826463382691145,
      0.1443810611963272,
      0.0027625039219856262,
      0.07868194580078125,
      -0.07714018225669861,
      -0.04676038771867752,
      0.06370273232460022,
      0.10093122720718384,
      0.002530481666326523,
      0.10967937111854553,
      0.03999463468790054,
      0.09725947678089142,
      0.02031361684203148,
      0.04737341031432152,
      0.09980249404907227,
      0.05829056724905968,
      0.11125010251998901,
      0.11334577202796936,
      0.04089333489537239,
      0.02513286843895912,
      0.17139087617397308,
      0.07056291401386261,
      0.09851393848657608,
      -0.0007845386862754822,
      0.0681123360991478,
      -0.09109368175268173,
      -0.002620548941195011,
      -0.01856132224202156,
      -0.061281826347112656,
      0.11918264627456665,
      -0.07012630254030228,
      0.02386781945824623,
      -0.005597265437245369,
      0.0509115606546402,
      0.023691333830356598,
      0.1003032848238945,
      0.6867953538894653,
      0.6252225637435913,
      0.6526415348052979,
      0.12055645883083344,
      0.053393326699733734,
      0.07071157544851303,
      -0.030087783932685852,
      -0.07243391126394272,
      -0.008503464981913567,
      0.019086375832557678,
      -0.027562808245420456,
      -0.02156868949532509,
      0.0038616210222244263,
      -0.01655413769185543,
      -0.04747673124074936,
      0.06058759242296219,
      0.04147845134139061,
      0.011010223999619484,
      0.08891068398952484,
      0.22738182544708252,
      0.01556739117950201,
      -0.022664612159132957,
      0.031028348952531815,
      0.5508511662483215,
      -0.042006611824035645,
      -0.06214062497019768,
      0.0527910441160202,
      0.07045485079288483,
      0.05731863155961037,
      0.02446877211332321,
      0.08487933874130249,
      0.0903049111366272,
      0.08875684440135956
    ],
    [
      0.045657820999622345,
      -0.04887989163398743,
      -0.00635196128860116,
      0.026008281856775284,
      0.022297702729701996,
      0.09802842885255814,
      0.08791522681713104,
      -0.07203075289726257,
      0.02856823429465294,
      1.0,
      0.5403802990913391,
      0.5291332006454468,
      0.5498891472816467,
      0.5479223728179932,
      0.008070542477071285,
      0.4266173541545868,
      0.03459128737449646,
      -0.0026481107342988253,
      0.14245259761810303,
      0.03924776613712311,
      0.40939733386039734,
      0.47049760818481445,
      0.31361085176467896,
      0.45906201004981995,
      0.10301709175109863,
      0.5217143297195435,
      0.48122796416282654,
      0.38868075609207153,
      0.08169528096914291,
      0.030884407460689545,
      -0.019652513787150383,
      0.04152318835258484,
      0.4479835033416748,
      0.490798681974411,
      0.45210057497024536,
      0.5355082750320435,
      0.6002527475357056,
      0.5528154373168945,
      0.5979384183883667,
      0.6006163954734802,
      0.5917935371398926,
      0.557636022567749,
      0.5457085371017456,
      0.5080657005310059,
      0.2519703805446625,
      0.5616360902786255,
      0.5138465166091919,
      0.46813708543777466,
      0.4329589605331421,
      -0.004314204677939415,
      0.04481906071305275,
      0.051436685025691986,
      0.08924087882041931,
      0.5484163761138916,
      0.4610432982444763,
      0.05391725152730942,
      0.02354457974433899,
      0.01817459613084793,
      0.07653924822807312,
      0.0011660305317491293,
      0.12523993849754333,
      0.11483804881572723,
      0.15820471942424774,
      0.06773579120635986,
      -0.01550994347780943,
      0.0515357106924057,
      0.020173655822873116,
      -0.0872519463300705,
      0.37648504972457886,
      0.4829103946685791,
      0.2918058931827545,
      0.41224318742752075,
      0.48141807317733765,
      0.01493724063038826,
      -0.01735498383641243,
      0.08614261448383331,
      0.04893524572253227,
      -0.06609492748975754,
      0.14289073646068573,
      0.08382375538349152,
      0.07702498137950897,
      0.12995806336402893,
      0.08933178335428238,
      0.08448643982410431,
      0.537000834941864,
      0.21148110926151276,
      0.42767488956451416,
      0.5214623212814331,
      0.49420204758644104,
      0.33301353454589844,
      0.027627794072031975,
      0.11256739497184753,
      0.07954748719930649
    ],
    [
      -0.03663727641105652,
      -0.044036246836185455,
      -0.04118774086236954,
      -0.08798401802778244,
      -0.054766274988651276,
      0.038669437170028687,
      0.046314042061567307,
      0.05792539566755295,
      -0.012244131416082382,
      0.5403802990913391,
      0.9999998807907104,
      0.7054863572120667,
      0.5270322561264038,
      0.7273560762405396,
      -0.012434858828783035,
      0.45568209886550903,
      -0.04449476674199104,
      0.10628046095371246,
      0.16250261664390564,
      0.09403928369283676,
      0.48509514331817627,
      0.4847062826156616,
      0.581862211227417,
      0.41286057233810425,
      0.10856488347053528,
      0.5561106204986572,
      0.5353776216506958,
      0.46695464849472046,
      -0.005680179223418236,
      -0.0738726332783699,
      0.0451197549700737,
      -0.023093024268746376,
      0.5384892225265503,
      0.5131775736808777,
      0.5745623111724854,
      0.6121339797973633,
      0.7252718210220337,
      0.6656357049942017,
      0.6231754422187805,
      0.6044289469718933,
      0.6164193749427795,
      0.5730704069137573,
      0.6767017245292664,
      0.4945887327194214,
      0.2935670018196106,
      0.5472695827484131,
      0.5810405015945435,
      0.5295631885528564,
      0.45523199439048767,
      0.1439381092786789,
      0.07294987142086029,
      0.045502230525016785,
      0.15535996854305267,
      0.5447051525115967,
      0.5625870823860168,
      0.058016084134578705,
      0.01367474626749754,
      0.014161325059831142,
      0.06155143678188324,
      0.05606112256646156,
      0.010460292920470238,
      0.008688380941748619,
      0.04781302809715271,
      0.0013030646368861198,
      0.005263000261038542,
      0.014102074317634106,
      0.06592490524053574,
      -0.04180094599723816,
      0.5803123116493225,
      0.668131947517395,
      0.34175848960876465,
      0.4790312945842743,
      0.6206023097038269,
      0.05643254518508911,
      0.029187217354774475,
      0.04880531132221222,
      0.03598714619874954,
      -0.022515680640935898,
      0.11930152028799057,
      0.09962855279445648,
      0.1450204849243164,
      0.132682666182518,
      0.18701808154582977,
      0.0005676653236150742,
      0.6250209808349609,
      0.3664725422859192,
      0.5676324367523193,
      0.5795993804931641,
      0.5823882818222046,
      0.4459190368652344,
      0.06784747540950775,
      0.10209926962852478,
      0.06869242340326309
    ],
    [
      -0.027210772037506104,
      -0.06626440584659576,
      0.012246858328580856,
      0.007039610296487808,
      -0.045185238122940063,
      0.032830528914928436,
      0.041001856327056885,
      -0.018508940935134888,
      0.01938612014055252,
      0.5291332006454468,
      0.7054863572120667,
      0.9999998807907104,
      0.5317717790603638,
      0.7264597415924072,
      -0.01854998990893364,
      0.4614574909210205,
      -0.0042839376255869865,
      -0.006545624695718288,
      0.11415767669677734,
      0.055373065173625946,
      0.5744136571884155,
      0.5431206226348877,
      0.5364447832107544,
      0.5601552724838257,
      0.0792507454752922,
      0.5970017910003662,
      0.65288245677948,
      0.6561245322227478,
      -0.027583545073866844,
      -0.07490737736225128,
      0.03648897632956505,
      -0.006743023172020912,
      0.6097581386566162,
      0.5469677448272705,
      0.697665810585022,
      0.6988840103149414,
      0.7688883543014526,
      0.621395468711853,
      0.6524800062179565,
      0.638439416885376,
      0.6764276027679443,
      0.6082065105438232,
      0.7368583679199219,
      0.5423135757446289,
      0.3744537830352783,
      0.5874782204627991,
      0.6174647212028503,
      0.5448704361915588,
      0.4976484775543213,
      0.07558651268482208,
      0.001285536214709282,
      0.08891937136650085,
      0.10349024832248688,
      0.6013599038124084,
      0.6466249227523804,
      0.02243848145008087,
      -0.04759933426976204,
      -0.006725084502249956,
      0.03725031018257141,
      -0.04831608384847641,
      0.011719124391674995,
      0.03667854890227318,
      0.06607917696237564,
      -0.011980914510786533,
      -0.02654522843658924,
      -0.002563070273026824,
      0.08244499564170837,
      -0.10402100533246994,
      0.6460652351379395,
      0.6433819532394409,
      0.41100648045539856,
      0.5281916856765747,
      0.5801002979278564,
      0.020896494388580322,
      -0.00784696452319622,
      0.015763748437166214,
      0.07281218469142914,
      -0.09900961816310883,
      0.052773259580135345,
      0.15844029188156128,
      0.06808480620384216,
      0.09272279590368271,
      0.10226979106664658,
      0.03320014104247093,
      0.6141951680183411,
      0.3702729642391205,
      0.5744308233261108,
      0.5661108493804932,
      0.5633139610290527,
      0.5290986895561218,
      0.030786260962486267,
      0.07500813901424408,
      0.025981973856687546
    ],
    [
      0.046938471496105194,
      0.028550345450639725,
      -0.030537916347384453,
      0.06912004947662354,
      -0.08283929526805878,
      0.10103794187307358,
      0.1361152082681656,
      -0.022180281579494476,
      0.0791330337524414,
      0.5498891472816467,
      0.5270322561264038,
      0.5317717790603638,
