{
  "people": [
    {
      "id": 0,
      "img": "/static/images/3747632493580513556_3003467594_1.jpg"
    },
    {
      "id": 1,
      "img": "/static/images/3747632493580513556_3003467594_2.jpg"
    },
    {
      "id": 2,
      "img": "/static/images/3747632493580513556_3003467594_3.jpg"
    },
    {
      "id": 3,
      "img": "/static/images/3747632493580513556_3003467594_5.jpg"
    },
    {
      "id": 4,
      "img": "/static/images/3747632493580513556_3003467594_6.jpg"
    },
    {
      "id": 5,
      "img": "/static/images/3750438811647279664_3003467594_1.jpg"
    },
    {
      "id": 6,
      "img": "/static/images/3750438811647279664_3003467594_2.jpg"
    },
    {
      "id": 7,
      "img": "/static/images/3750438811647279664_3003467594_3.jpg"
    },
    {
      "id": 8,
      "img": "/static/images/3750438811647279664_3003467594_6.jpg"
    },
    {
      "id": 9,
      "img": "/static/images/3750498522547590063_1381101303_1.jpg"
    },
    {
      "id": 10,
      "img": "/static/images/3750498522547590063_1381101303_2.jpg"
    },
    {
      "id": 11,
      "img": "/static/images/3750498522547590063_1381101303_3.jpg"
    },
    {
      "id": 12,
      "img": "/static/images/3750498522547590063_1381101303_5.jpg"
    },
    {
      "id": 13,
      "img": "/static/images/3750498522547590063_1381101303_6.jpg"
    },
    {
      "id": 14,
      "img": "/static/images/3750498522547590063_1381101303_7.jpg"
    },
    {
      "id": 15,
      "img": "/static/images/3750498522547590063_1381101303_8.jpg"
    },
    {
      "id": 16,
      "img": "/static/images/3750498522547590063_1381101303_9.jpg"
    },
    {
      "id": 17,
      "img": "/static/images/3751248818621684900_1354600047_1.jpg"
    },
    {
      "id": 18,
      "img": "/static/images/3751248818621684900_1354600047_2.jpg"
    },
    {
      "id": 19,
      "img": "/static/images/3751248818621684900_1354600047_3.jpg"
    },
    {
      "id": 20,
      "img": "/static/images/3754664814099347113_1381101303_1.jpg"
    },
    {
      "id": 21,
      "img": "/static/images/3754664814099347113_1381101303_2.jpg"
    },
    {
      "id": 22,
      "img": "/static/images/3754664814099347113_1381101303_4.jpg"
    },
    {
      "id": 23,
      "img": "/static/images/3754664814099347113_1381101303_5.jpg"
    }
  ],
  "similarities": [
    [
      0.9999998807907104,
      0.14572109282016754,
      0.16860225796699524,
      0.7833820581436157,
      0.4588086009025574,
      0.6569055318832397,
      0.6328818798065186,
      0.05864149332046509,
      0.7181826829910278,
      0.045657820999622345,
      -0.03663727641105652,
      -0.027210772037506104,
      0.046938471496105194,
      -0.03525829315185547,
      -0.05958300828933716,
      0.07171320915222168,
      0.03383050113916397,
      -0.011066997423768044,
      0.06213898956775665,
      -0.009374838322401047,
      0.028820551931858063,
      0.09468267112970352,
      -0.013162903487682343,
      0.10660681873559952
    ],
    [
      0.14572109282016754,
      0.9999998211860657,
      0.47288963198661804,
      0.15087270736694336,
      0.10909655690193176,
      0.08139072358608246,
      0.06138565391302109,
      -0.05855517461895943,
      0.11537249386310577,
      -0.04887989163398743,
      -0.044036246836185455,
      -0.06626440584659576,
      0.028550345450639725,
      -0.06418053805828094,
      0.07456846535205841,
      0.029265856370329857,
      0.04797801002860069,
      0.09932659566402435,
      0.06567177176475525,
      0.05835747718811035,
      -0.029323473572731018,
      -0.06267452985048294,
      -0.08429324626922607,
      -0.06044211983680725
    ],
    [
      0.16860225796699524,
      0.47288963198661804,
      1.000000238418579,
      0.12716558575630188,
      0.023934338241815567,
      0.09139324724674225,
      0.12189660966396332,
      -0.00712388614192605,
      0.15529456734657288,
      -0.00635196128860116,
      -0.04118774086236954,
      0.012246858328580856,
      -0.030537916347384453,
      -0.0606965646147728,
      0.04523088037967682,
      0.06961232423782349,
      0.006873851176351309,
      0.13558994233608246,
      0.11343878507614136,
      0.08200722932815552,
      0.05425633490085602,
      0.04393049702048302,
      -0.04003551974892616,
      -0.05729382485151291
    ],
    [
      0.7833820581436157,
      0.15087270736694336,
      0.12716558575630188,
      0.9999998807907104,
      0.4414628744125366,
      0.586699366569519,
      0.6163822412490845,
      -0.03634282946586609,
      0.6554151773452759,
      0.026008281856775284,
      -0.08798401802778244,
      0.007039610296487808,
      0.06912004947662354,
      -0.021794237196445465,
      -0.025980085134506226,
      0.07416404783725739,
      0.0348832868039608,
      -0.05370476841926575,
      0.033385176211595535,
      -0.06176214665174484,
      0.03334853798151016,
      0.08783078193664551,
      0.008930802345275879,
      0.09143709391355515
    ],
    [
      0.4588086009025574,
      0.10909655690193176,
      0.023934338241815567,
      0.4414628744125366,
      0.9999998807907104,
      0.4253596067428589,
      0.38095593452453613,
      -0.0022505484521389008,
      0.39726221561431885,
      0.022297702729701996,
      -0.054766274988651276,
      -0.045185238122940063,
      -0.08283929526805878,
      0.014229957014322281,
      -0.004904729314148426,
      -0.05778193473815918,
      0.01117825135588646,
      0.05862388387322426,
      0.06567718833684921,
      0.03126637637615204,
      -0.058318790048360825,
      -0.03873097896575928,
      0.013236571103334427,
      0.053391002118587494
    ],
    [
      0.6569055318832397,
      0.08139072358608246,
      0.09139324724674225,
      0.586699366569519,
      0.4253596067428589,
      1.0,
      0.7396092414855957,
      -0.020567677915096283,
      0.6744382381439209,
      0.09802842885255814,
      0.038669437170028687,
      0.032830528914928436,
      0.10103794187307358,
      -0.02826102450489998,
      -0.051660843193531036,
      0.019544096663594246,
      -0.018558364361524582,
      -0.03254207968711853,
      0.02040676772594452,
      0.03272739425301552,
      -0.02145475149154663,
      0.02899930626153946,
      -0.019648246467113495,
      0.1703447848558426
    ],
    [
      0.6328818798065186,
      0.06138565391302109,
      0.12189660966396332,
      0.6163822412490845,
      0.38095593452453613,
      0.7396092414855957,
      1.0000003576278687,
      -0.01834809221327305,
      0.7088422775268555,
      0.08791522681713104,
      0.046314042061567307,
      0.041001856327056885,
      0.1361152082681656,
      -0.0028860028833150864,
      -0.03978487104177475,
      0.04799574613571167,
      0.017040226608514786,
      -0.022320222109556198,
      0.08267024159431458,
      0.04347493499517441,
      0.017948400229215622,
      0.06067543104290962,
      -0.002235099673271179,
      0.13729985058307648
    ],
    [
      0.05864149332046509,
      -0.05855517461895943,
      -0.00712388614192605,
      -0.03634282946586609,
      -0.0022505484521389008,
      -0.020567677915096283,
      -0.01834809221327305,
      0.9999998807907104,
      0.05033236742019653,
      -0.07203075289726257,
      0.05792539566755295,
      -0.018508940935134888,
      -0.022180281579494476,
      0.03749960660934448,
      -4.209578037261963e-07,
      0.03363489359617233,
      0.006774524226784706,
      0.04512561857700348,
      -0.06043386459350586,
      -0.041978370398283005,
      -0.004752872046083212,
      -0.03404983505606651,
      0.05165630578994751,
      -0.06220661848783493
    ],
    [
      0.7181826829910278,
      0.11537249386310577,
      0.15529456734657288,
      0.6554151773452759,
      0.39726221561431885,
      0.6744382381439209,
      0.7088422775268555,
      0.05033236742019653,
      1.0000001192092896,
      0.02856823429465294,
      -0.012244131416082382,
      0.01938612014055252,
      0.0791330337524414,
      -0.009875934571027756,
      -0.0879434272646904,
      0.05717751756310463,
      -0.05859418958425522,
      -0.060020625591278076,
      0.010571299120783806,
      -0.023828059434890747,
      -0.008713217452168465,
      0.0858764722943306,
      -0.00826463382691145,
      0.1443810611963272
    ],
    [
      0.045657820999622345,
      -0.04887989163398743,
      -0.00635196128860116,
      0.026008281856775284,
      0.022297702729701996,
      0.09802842885255814,
      0.08791522681713104,
      -0.07203075289726257,
      0.02856823429465294,
      1.0,
      0.5403802990913391,
      0.5291332006454468,
      0.5498891472816467,
      0.5479223728179932,
      0.008070542477071285,
      0.4266173541545868,
      0.03459128737449646,
      -0.0026481107342988253,
      0.14245259761810303,
      0.03924776613712311,
      0.40939733386039734,
      0.45906201004981995,
      0.10301709175109863,
      0.5217143297195435
    ],
    [
      -0.03663727641105652,
      -0.044036246836185455,
      -0.04118774086236954,
      -0.08798401802778244,
      -0.054766274988651276,
      0.038669437170028687,
      0.046314042061567307,
      0.05792539566755295,
      -0.012244131416082382,
      0.5403802990913391,
      0.9999998807907104,
      0.7054863572120667,
      0.5270322561264038,
      0.7273560762405396,
      -0.012434858828783035,
      0.45568209886550903,
      -0.04449476674199104,
      0.10628046095371246,
      0.16250261664390564,
      0.09403928369283676,
      0.48509514331817627,
      0.41286057233810425,
      0.10856488347053528,
      0.5561106204986572
    ],
    [
      -0.027210772037506104,
      -0.06626440584659576,
      0.012246858328580856,
      0.007039610296487808,
      -0.045185238122940063,
      0.032830528914928436,
      0.041001856327056885,
      -0.018508940935134888,
      0.01938612014055252,
      0.5291332006454468,
      0.7054863572120667,
      0.9999998807907104,
      0.5317717790603638,
      0.7264597415924072,
      -0.01854998990893364,
      0.4614574909210205,
      -0.0042839376255869865,
      -0.006545624695718288,
      0.11415767669677734,
      0.055373065173625946,
      0.5744136571884155,
      0.5601552724838257,
      0.0792507454752922,
      0.5970017910003662
    ],
    [
      0.046938471496105194,
      0.028550345450639725,
      -0.030537916347384453,
      0.06912004947662354,
      -0.08283929526805878,
      0.10103794187307358,
      0.1361152082681656,
      -0.022180281579494476,
      0.0791330337524414,
      0.5498891472816467,
      0.5270322561264038,
      0.5317717790603638,
      0.9999997615814209,
      0.4746639132499695,
      -0.06740943342447281,
      0.48364782333374023,
      0.05318698659539223,
      -0.04139857366681099,
      0.017267722636461258,
      -0.014225050806999207,
      0.5076076984405518,
      0.4981801509857178,
      -0.040770966559648514,
      0.5642037391662598
    ],
    [
      -0.03525829315185547,
      -0.06418053805828094,
      -0.0606965646147728,
      -0.021794237196445465,
      0.014229957014322281,
      -0.02826102450489998,
      -0.0028860028833150864,
      0.03749960660934448,
      -0.009875934571027756,
      0.5479223728179932,
      0.7273560762405396,
      0.7264597415924072,
      0.4746639132499695,
      1.0,
      0.020770639181137085,
      0.4167613983154297,
      0.020252175629138947,
      -0.046072736382484436,
      0.07088693231344223,
      0.05455568805336952,
      0.5617817044258118,
      0.5314620733261108,
      0.10516048967838287,
      0.6066907644271851
    ],
    [
      -0.05958300828933716,
      0.07456846535205841,
      0.04523088037967682,
      -0.025980085134506226,
      -0.004904729314148426,
      -0.051660843193531036,
      -0.03978487104177475,
      -4.209578037261963e-07,
      -0.0879434272646904,
      0.008070542477071285,
      -0.012434858828783035,
      -0.01854998990893364,
      -0.06740943342447281,
      0.020770639181137085,
      0.9999998807907104,
      0.004104539752006531,
      -0.011601880192756653,
      -0.029365094378590584,
      -0.024301253259181976,
      -0.009941416792571545,
      0.034878674894571304,
      0.024722540751099586,
      -0.023939479142427444,
      0.04331117123365402
    ],
    [
      0.07171320915222168,
      0.029265856370329857,
      0.06961232423782349,
      0.07416404783725739,
      -0.05778193473815918,
      0.019544096663594246,
      0.04799574613571167,
      0.03363489359617233,
      0.05717751756310463,
      0.4266173541545868,
      0.45568209886550903,
      0.4614574909210205,
      0.48364782333374023,
      0.4167613983154297,
      0.004104539752006531,
      0.9999999403953552,
      0.004948257468640804,
      0.0941830724477768,
      0.10767558962106705,
      0.0668620765209198,
      0.38246601819992065,
      0.41303908824920654,
      -0.028337780386209488,
      0.44301706552505493
    ],
    [
      0.03383050113916397,
      0.04797801002860069,
      0.006873851176351309,
      0.0348832868039608,
      0.01117825135588646,
      -0.018558364361524582,
      0.017040226608514786,
      0.006774524226784706,
      -0.05859418958425522,
      0.03459128737449646,
      -0.04449476674199104,
      -0.0042839376255869865,
      0.05318698659539223,
      0.020252175629138947,
      -0.011601880192756653,
      0.004948257468640804,
      1.0000001192092896,
      -0.031898971647024155,
      -0.005172794684767723,
      -0.007525145076215267,
      0.06608487665653229,
      0.03828366845846176,
      0.09590481221675873,
      -0.023028509691357613
    ],
    [
      -0.011066997423768044,
      0.09932659566402435,
      0.13558994233608246,
      -0.05370476841926575,
      0.05862388387322426,
      -0.03254207968711853,
      -0.022320222109556198,
      0.04512561857700348,
      -0.060020625591278076,
      -0.0026481107342988253,
      0.10628046095371246,
      -0.006545624695718288,
      -0.04139857366681099,
      -0.046072736382484436,
      -0.029365094378590584,
      0.0941830724477768,
      -0.031898971647024155,
      1.0000001192092896,
      0.6958193182945251,
      0.6020259261131287,
      0.0011577294208109379,
      -0.03541191294789314,
      8.606910705566406e-05,
      -0.06838758289813995
    ],
    [
      0.06213898956775665,
      0.06567177176475525,
      0.11343878507614136,
      0.033385176211595535,
      0.06567718833684921,
      0.02040676772594452,
      0.08267024159431458,
      -0.06043386459350586,
      0.010571299120783806,
      0.14245259761810303,
      0.16250261664390564,
      0.11415767669677734,
      0.017267722636461258,
      0.07088693231344223,
      -0.024301253259181976,
      0.10767558962106705,
      -0.005172794684767723,
      0.6958193182945251,
      1.0,
      0.5762012600898743,
      0.06919164210557938,
      0.07430298626422882,
      0.04086115211248398,
      0.07747390866279602
    ],
    [
      -0.009374838322401047,
      0.05835747718811035,
      0.08200722932815552,
      -0.06176214665174484,
      0.03126637637615204,
      0.03272739425301552,
      0.04347493499517441,
      -0.041978370398283005,
      -0.023828059434890747,
      0.03924776613712311,
      0.09403928369283676,
      0.055373065173625946,
      -0.014225050806999207,
      0.05455568805336952,
      -0.009941416792571545,
      0.0668620765209198,
      -0.007525145076215267,
      0.6020259261131287,
      0.5762012600898743,
      0.9999996423721313,
      0.019358595833182335,
      0.01661444827914238,
      -0.023735463619232178,
      0.003161520464345813
    ],
    [
      0.028820551931858063,
      -0.029323473572731018,
      0.05425633490085602,
      0.03334853798151016,
      -0.058318790048360825,
      -0.02145475149154663,
      0.017948400229215622,
      -0.004752872046083212,
      -0.008713217452168465,
      0.40939733386039734,
      0.48509514331817627,
      0.5744136571884155,
      0.5076076984405518,
      0.5617817044258118,
      0.034878674894571304,
      0.38246601819992065,
      0.06608487665653229,
      0.0011577294208109379,
      0.06919164210557938,
      0.019358595833182335,
      0.9999998807907104,
      0.6216645240783691,
      0.020570604130625725,
      0.5850971937179565
    ],
    [
      0.09468267112970352,
      -0.06267452985048294,
      0.04393049702048302,
      0.08783078193664551,
      -0.03873097896575928,
      0.02899930626153946,
      0.06067543104290962,
      -0.03404983505606651,
      0.0858764722943306,
      0.45906201004981995,
      0.41286057233810425,
      0.5601552724838257,
      0.4981801509857178,
      0.5314620733261108,
      0.024722540751099586,
      0.41303908824920654,
      0.03828366845846176,
      -0.03541191294789314,
      0.07430298626422882,
      0.01661444827914238,
      0.6216645240783691,
      1.0000001192092896,
      0.01616772823035717,
      0.6301419138908386
    ],
    [
      -0.013162903487682343,
      -0.08429324626922607,
      -0.04003551974892616,
      0.008930802345275879,
      0.013236571103334427,
      -0.019648246467113495,
      -0.002235099673271179,
      0.05165630578994751,
      -0.00826463382691145,
      0.10301709175109863,
      0.10856488347053528,
      0.0792507454752922,
      -0.040770966559648514,
      0.10516048967838287,
      -0.023939479142427444,
      -0.028337780386209488,
      0.09590481221675873,
      8.606910705566406e-05,
      0.04086115211248398,
      -0.023735463619232178,
      0.020570604130625725,
      0.01616772823035717,
      1.000000238418579,
      0.007897594012320042
    ],
    [
      0.10660681873559952,
      -0.06044211983680725,
      -0.05729382485151291,
      0.09143709391355515,
      0.053391002118587494,
      0.1703447848558426,
      0.13729985058307648,
      -0.06220661848783493,
      0.1443810611963272,
      0.5217143297195435,
      0.5561106204986572,
      0.5970017910003662,
      0.5642037391662598,
      0.6066907644271851,
      0.04331117123365402,
      0.44301706552505493,
      -0.023028509691357613,
      -0.06838758289813995,
      0.07747390866279602,
      0.003161520464345813,
      0.5850971937179565,
      0.6301419138908386,
      0.007897594012320042,
      1.0000001192092896
    ]
  ]
}