{
  "people": [
    {
      "id": 0,
      "img": "/static/images/3747632493580513556_3003467594_1.jpg"
    },
    {
      "id": 1,
      "img": "/static/images/3775161786065244266_1381101303_1.jpg"
    },
    {
      "id": 2,
      "img": "/static/images/3775161786065244266_1381101303_2.jpg"
    },
    {
      "id": 3,
      "img": "/static/images/3775161786065244266_1381101303_3.jpg"
    },
    {
      "id": 4,
      "img": "/static/images/3775161786065244266_1381101303_4.jpg"
    },
    {
      "id": 5,
      "img": "/static/images/3775161786065244266_1381101303_5.jpg"
    }
  ],
  "similarities": [
    [
      0.9999998807907104,
      0.0010683834552764893,
      -0.014474961906671524,
      0.04425615817308426,
      -0.010795027017593384,
      -0.01913721114397049
    ],
    [
      0.0010683834552764893,
      1.0000001192092896,
      0.6742005348205566,
      0.4906337261199951,
      0.6275216937065125,
      0.6291666030883789
    ],
    [
      -0.014474961906671524,
      0.6742005348205566,
      1.0,
      0.45177018642425537,
      0.645552933216095,
      0.6267130374908447
    ],
    [
      0.04425615817308426,
      0.4906337261199951,
      0.45177018642425537,
      0.9999998211860657,
      0.43819424510002136,
      0.46982693672180176
    ],
    [
      -0.010795027017593384,
      0.6275216937065125,
      0.645552933216095,
      0.43819424510002136,
      1.000000238418579,
      0.46971774101257324
    ],
    [
      -0.01913721114397049,
      0.6291666030883789,
      0.6267130374908447,
      0.46982693672180176,
      0.46971774101257324,
      1.0000001192092896
    ]
  ]
}